_C_9f09_5fa1480b_1 8c 0 178 0 0 523d2578 0 615f4650 0 2c646174 0 5d3d2564 0 6e745b31 0 67756d65 0 640a6172 0 203d2025 0 74696d65 0 20417420 0 6670752c 0 696e20 
_C_13f0_5fa1f5bd_2 8c 0 70 0 0 3d202578 0 73747220 0 755f696e 0 6670 
_C_737a_5f9cdec3_2 8c 0 40 0 0 613d2578 0 77646174 
_C_99d7_5fa14673_1 8c 0 28 0 0 733d2578 0 66 
_C_5da5_5fa4fed9_1 8c 0 148 0 0 3d202578 0 3a375d5d 0 725b3131 0 5b616464 0 63656c6c 0 6174615f 0 642c2064 0 5d3d2025 0 31313a37 0 6464725b 0 61 
_C_68b3_5f9cd96a_2 8c 0 68 0 0 703d2578 0 5f74656d 0 64617461 0 72 
_C_196a_5f9a0f40_1 8c 0 e8 0 0 5d3d2562 0 6c5b2564 0 5f63656c 0 64617461 0 6f72792e 0 5f6d656d 0 5f696e73 0 78 
_C_5700_5fa4fe05_1 8c 0 148 0 0 3d202564 0 3a375d5d 0 725b3131 0 5b616464 0 63656c6c 0 6174615f 0 642c2064 0 5d3d2025 0 31313a37 0 6464725b 0 61 
_C_45e0_570e5365_3 8c 0 40 0 0 2e706174 0 63617365 
_C_45e0_570e5365_5 8c 0 40 0 0 2e766364 0 74657374 
_C_599c_570e5879_1 8c 0 10 0 0 2568 
_C_3f0d_5fa11921_2 8c 0 70 0 0 613d2578 0 72646174 0 3d25642c 0 7274 
_C_4f01_5fa4faa5_1 8c 0 38 0 0 3d202564 0 727420 
_C_6734_5f9cd94b_2 8c 0 68 0 0 703d2564 0 5f74656d 0 64617461 0 72 
_C_14b3_5f9a0e54_1 8c 0 e8 0 0 5d3d2578 0 6c5b2564 0 5f63656c 0 64617461 0 6f72792e 0 5f6d656d 0 5f696e73 0 78 
_C_13f0_5fa1f5bd_1 8c 0 80 0 0 3d202578 0 696f6e20 0 72756374 0 696e7374 
_C_68b3_5f9cd96a_1 8c 0 40 0 0 613d2578 0 72646174 
_C_737a_5f9cdec3_1 8c 0 a0 0 0 5d3d2564 0 5b363a32 0 72657373 0 5f616464 0 64617461 
_C_8f4f_5fa1422c_1 8c 0 168 0 0 743d2578 0 6573756c 0 25642c72 0 5b325d3d 0 6d656e74 0 61726775 0 2025640a 0 6d65203d 0 74207469 0 752c2041 0 6e206670 0 69 
_C_6734_5f9cd94b_1 8c 0 40 0 0 613d2564 0 72646174 
_C_8898_5f9ce854_1 8c 0 38 0 0 653d2564 0 74696d 
_C_45e0_570e5365_4 8c 0 170 0 0 2020202a 0 20202020 0 746f7021 0 652c2073 0 2074696d 0 74696f6e 0 6d756c61 0 78207369 0 67206d61 0 6574696e 0 20206d65 0 2a20 
_C_2ba9_5fa2c5b2_7 84 0 4 0 0 0 
_C_3b47_5fa2cac1_5 84 0 6 0 0 2 
_C_3f0d_5fa11921_3 8c 0 58 0 0 523d2578 0 615f4750 0 646174 
_C_314e_5fa111b4_1 84 0 5 0 0 0 
_C_2ba9_5fa2c5b2_e 84 0 4 0 0 1 
_C_3b47_5fa2cac1_6 84 0 6 0 0 3 
_C_2ba9_5fa2c5b2_f 84 0 4 0 0 2 
_C_3b47_5fa2cac1_b 84 0 6 0 0 0 
_C_2ba9_5fa2c5b2_2 84 0 4 0 0 3 
_C_3b47_5fa2cac1_4 84 0 6 0 0 1 
_C_2ba9_5fa2c5b2_3 84 0 4 0 0 4 
_C_2ba9_5fa2c5b2_4 84 0 4 0 0 5 
_C_2ba9_5fa2c5b2_5 84 0 4 0 0 6 
_C_2ba9_5fa2c5b2_8 84 0 4 0 0 7 
_C_9c64_5f9beb4d_1 84 0 20 0 0 ffffffff 
_C_2ba9_5fa2c5b2_d 84 0 4 0 0 8 
_C_2ba9_5fa2c5b2_a 84 0 4 0 0 9 
_C_2ba9_5fa2c5b2_9 84 0 4 0 0 a 
_C_2ba9_5fa2c5b2_c 84 0 4 0 0 b 
_C_45e0_570e5365_1 8c 0 170 0 0 2a2a2a2a 0 2a2a2a2a 0 2a2a2a2a 0 2a2a2a2a 0 2a2a2a2a 0 2a2a2a2a 0 2a2a2a2a 0 2a2a2a2a 0 2a2a2a2a 0 2a2a2a2a 0 2a2a2a2a 0 2a2a 
_C_2ba9_5fa2c5b2_b 84 0 4 0 0 c 
_C_72c4_5fa135bb_1 84 0 4 0 0 d 
_C_3b47_5fa2cac1_2 84 0 6 0 0 f 
_C_72c4_5fa135bb_2 84 0 4 0 0 e 
_C_3b47_5fa2cac1_1 84 0 6 0 0 d 
_C_8bd1_5fa140b3_1 8c 0 28 0 0 743d2578 0 72 
_C_3b47_5fa2cac1_d 84 0 5 0 0 10 
_C_1769_5f9a0f24_1 8c 0 80 0 0 653d2564 0 2e73697a 0 74656d70 0 6d656d5f 
_C_3b47_5fa2cac1_3 84 0 6 0 0 11 
_C_3b47_5fa2cac1_c 84 0 5 0 0 14 
_C_3b47_5fa2cac1_e 84 0 5 0 0 16 
_C_9074_5f9d8863_1 84 0 1f 0 0 1 
_C_363d_5f9e0e67_1 84 0 1e 0 0 0 
_C_a5ae_5f9edbdc_1 84 0 18 0 0 0 
_C_43c6_5fa4f59a_1 8c 0 68 0 0 3d202578 0 47505220 0 6174615f 0 64 
_C_2ba9_5fa2c5b2_6 84 0 20 0 0 7f800000 
_C_3b47_5fa2cac1_8 84 0 6 0 0 20 
_C_2ba9_5fa2c5b2_10 84 0 20 0 0 7f800001 
_C_45e0_570e5365_6 84 0 20 0 0 0 
_C_3e66_5f9aa0d8_1 94 0 20 0 0 10 
_C_3b47_5fa2cac1_a 84 0 6 0 0 26 
_C_3f0d_5fa11921_1 8c 0 60 0 0 3d202564 0 696d6520 0 41742074 
_C_23b9_5f9ba418_1 84 0 20 0 0 1 
_C_3b47_5fa2cac1_7 84 0 6 0 0 24 
_C_3b47_5fa2cac1_9 84 0 6 0 0 28 
_C_9501_5fa14432_1 8c 0 168 0 0 743d2578 0 6573756c 0 25642c72 0 5b315d3d 0 6d656e74 0 61726775 0 2025640a 0 6d65203d 0 74207469 0 752c2041 0 6e206670 0 69 
_C_70f3_5f9cde12_1 8c 0 30 0 0 733d2562 0 696e 
_C_9074_5f9d8863_2 94 0 21 0 0 1 0 0 
_C_9c64_5f9beb4d_2 94 0 20 0 0 0 
_C_9c64_5f9beb4d_3 94 0 20 0 0 1 
_C_ac8f_5f9af595_1 94 0 20 0 0 2 
_C_b78b_5f9afb87_1 94 0 20 0 0 3 
_C_45e0_570e5365_2 8c 0 170 0 0 2020202a 0 20202020 0 20202020 0 21212121 0 2072756e 0 63617365 0 21212120 0 6e697368 0 74206669 0 72657365 0 20202020 0 2a20 
_C_2ba9_5fa2c5b2_1 8c 0 c8 0 0 652f6462 0 65726167 0 2f636f76 0 736e7073 0 7664622f 0 696d762e 0 73 
